1 1 0.024127 
1 2 0.027288 
1 4 0.045100 
1 8 0.066923 
1 16 0.108624 
1 32 0.190314 
1 64 0.358643 
1 128 0.722524 
1 256 1.421439 
1 512 2.410381 
2 1 0.013346 
2 2 0.014011 
2 4 0.022807 
2 8 0.034116 
2 16 0.056006 
2 32 0.099395 
2 64 0.194429 
2 128 0.414606 
2 256 0.904938 
2 512 1.682454 
4 1 0.007466 
4 2 0.007388 
4 4 0.012069 
4 8 0.017987 
4 16 0.029565 
4 32 0.056008 
4 64 0.121391 
4 128 0.303025 
4 256 0.728005 
4 512 1.366093 
8 1 0.005746 
8 2 0.004376 
8 4 0.006757 
8 8 0.010238 
8 16 0.017496 
8 32 0.034732 
8 64 0.079228 
8 128 0.210883 
8 256 0.603164 
8 512 1.202010 
16 1 0.013545 
16 2 0.002445 
16 4 0.003705 
16 8 0.005602 
16 16 0.010640 
16 32 0.022615 
16 64 0.057368 
16 128 0.170389 
16 256 0.537600 
16 512 1.174083 
