1 1 0.084501 
1 2 0.128849 
1 4 0.217316 
1 8 0.389067 
1 16 0.749976 
1 32 1.441524 
1 64 2.769950 
1 128 5.289410 
1 256 9.697837 
1 512 15.975931 
2 1 0.041862 
2 2 0.064074 
2 4 0.108360 
2 8 0.196137 
2 16 0.374901 
2 32 0.716738 
2 64 1.385201 
2 128 2.646123 
2 256 5.254701 
2 512 7.788804 
4 1 0.022876 
4 2 0.031721 
4 4 0.051809 
4 8 0.098306 
4 16 0.186784 
4 32 0.355285 
4 64 0.675998 
4 128 1.260824 
4 256 2.187184 
4 512 3.662396 
8 1 0.013464 
8 2 0.016324 
8 4 0.026842 
8 8 0.049001 
8 16 0.092962 
8 32 0.174915 
8 64 0.328887 
8 128 0.587032 
8 256 1.049270 
8 512 1.817924 
16 1 0.025149 
16 2 0.033621 
16 4 0.039784 
16 8 0.064347 
16 16 0.112021 
16 32 0.198966 
16 64 0.480824 
16 128 0.786266 
16 256 1.313481 
16 512 2.865765 
