1 1 0.171690 
1 2 0.261836 
1 4 0.441334 
1 8 0.798993 
1 16 1.530528 
1 32 2.948521 
1 64 5.968956 
1 128 12.113132 
1 256 23.049580 
1 512 41.122513 
2 1 0.080838 
2 2 0.129434 
2 4 0.220668 
2 8 0.397651 
2 16 0.765008 
2 32 1.476041 
2 64 2.975221 
2 128 5.965263 
2 256 11.406750 
2 512 19.666539 
4 1 0.041001 
4 2 0.064767 
4 4 0.110261 
4 8 0.198199 
4 16 0.382966 
4 32 0.729567 
4 64 1.453260 
4 128 2.860904 
4 256 5.132690 
4 512 8.665980 
8 1 0.020972 
8 2 0.032377 
8 4 0.057883 
8 8 0.099450 
8 16 0.189428 
8 32 0.359981 
8 64 0.697154 
8 128 1.295209 
8 256 2.304012 
8 512 4.113021 
16 1 0.010660 
16 2 0.042871 
16 4 0.057791 
16 8 0.150401 
16 16 0.274178 
16 32 0.501102 
16 64 0.717091 
16 128 1.479094 
16 256 3.189584 
16 512 6.106279 
