1 1 0.312936 
1 2 0.478196 
1 4 0.808820 
1 8 1.464357 
1 16 2.803062 
1 32 5.418476 
1 64 10.625446 
1 128 20.648644 
1 256 40.454841 
1 512 74.734438 
2 1 0.157292 
2 2 0.239679 
2 4 0.405422 
2 8 0.731359 
2 16 1.398981 
2 32 2.706795 
2 64 5.273329 
2 128 10.260636 
2 256 19.998453 
2 512 36.660373 
4 1 0.075420 
4 2 0.119521 
4 4 0.201791 
4 8 0.361238 
4 16 0.689641 
4 32 1.346925 
4 64 2.612320 
4 128 4.989616 
4 256 9.281215 
4 512 16.596892 
8 1 0.039387 
8 2 0.059852 
8 4 0.100938 
8 8 0.181976 
8 16 0.347195 
8 32 0.663784 
8 64 1.271381 
8 128 2.371697 
8 256 4.278086 
8 512 7.939135 
16 1 0.046077 
16 2 0.080381 
16 4 0.156064 
16 8 0.280918 
16 16 0.456948 
16 32 0.795863 
16 64 1.722064 
16 128 3.581129 
16 256 6.527319 
16 512 11.182137 
1 0.024800 
2 0.013207 
4 0.006669 
8 0.003337 
16 0.001642 
