1 1 1.470978 
1 2 2.246901 
1 4 3.790092 
1 8 6.872025 
1 16 13.185435 
1 32 25.581236 
1 64 64.431595 
1 128 99.000296 
1 256 200.914014 
1 512 387.042467 
2 1 0.741035 
2 2 1.125180 
2 4 1.896254 
2 8 3.438809 
2 16 6.582940 
2 32 12.779530 
2 64 25.114648 
2 128 49.815910 
2 256 100.998623 
2 512 192.020073 
4 1 0.362388 
4 2 0.561258 
4 4 0.951270 
4 8 1.722821 
4 16 3.299562 
4 32 6.400694 
4 64 12.575034 
4 128 24.850866 
4 256 49.003307 
4 512 92.166243 
8 1 0.180719 
8 2 0.280493 
8 4 0.475512 
8 8 0.856366 
8 16 1.644124 
8 32 3.213151 
8 64 6.304373 
8 128 12.588107 
8 256 23.494106 
8 512 48.384152 
16 1 0.185084 
16 2 0.448244 
16 4 0.669015 
16 8 1.257898 
16 16 2.327222 
16 32 5.031592 
16 64 10.549015 
16 128 14.195935 
16 256 29.470340 
16 512 47.588295 
1 0.122078 
2 0.059615 
4 0.030663 
8 0.015146 
16 0.007193 
