1 1 0.024203 
1 2 0.027566 
1 4 0.044676 
1 8 0.066851 
1 16 0.108651 
1 32 0.190393 
1 64 0.358129 
1 128 0.722973 
1 256 1.420572 
1 512 2.400648 
2 1 0.012762 
2 2 0.013889 
2 4 0.022815 
2 8 0.034122 
2 16 0.055957 
2 32 0.099641 
2 64 0.194934 
2 128 0.415284 
2 256 0.902786 
2 512 1.675970 
4 1 0.007477 
4 2 0.007446 
4 4 0.011853 
4 8 0.018024 
4 16 0.029725 
4 32 0.056451 
4 64 0.120331 
4 128 0.301218 
4 256 0.736638 
4 512 1.367319 
8 1 0.005536 
8 2 0.004110 
8 4 0.006540 
8 8 0.010205 
8 16 0.017154 
8 32 0.032965 
8 64 0.076866 
8 128 0.209814 
8 256 0.600767 
8 512 1.197236 
16 1 0.014547 
16 2 0.002719 
16 4 0.003695 
16 8 0.005605 
16 16 0.010617 
16 32 0.022329 
16 64 0.057162 
16 128 0.170677 
16 256 0.535310 
16 512 1.172851 
32 1 0.017942 
32 2 0.001564 
32 4 0.002203 
32 8 0.004841 
32 16 0.006799 
32 32 0.017885 
32 64 0.046993 
32 128 0.156133 
32 256 0.485571 
32 512 1.125493 
