1 1 0.049639 
1 2 0.055288 
1 4 0.091637 
1 8 0.136704 
1 16 0.244583 
1 32 0.439323 
1 64 0.873751 
1 128 1.881791 
1 256 3.915232 
1 512 7.492921 
2 1 0.025005 
2 2 0.028831 
2 4 0.046203 
2 8 0.069715 
2 16 0.124473 
2 32 0.226699 
2 64 0.461176 
2 128 1.041629 
2 256 2.262581 
2 512 4.828202 
4 1 0.013904 
4 2 0.014872 
4 4 0.023983 
4 8 0.035733 
4 16 0.065602 
4 32 0.123284 
4 64 0.269961 
4 128 0.664614 
4 256 1.695054 
4 512 3.831810 
8 1 0.007479 
8 2 0.008678 
8 4 0.013255 
8 8 0.020107 
8 16 0.037108 
8 32 0.070446 
8 64 0.163463 
8 128 0.438852 
8 256 1.203479 
8 512 3.177853 
16 1 0.004384 
16 2 0.004775 
16 4 0.007374 
16 8 0.011525 
16 16 0.021418 
16 32 0.044829 
16 64 0.114234 
16 128 0.324919 
16 256 0.978808 
16 512 2.921365 
