1 1 0.091326 
1 2 0.102136 
1 4 0.167561 
1 8 0.249813 
1 16 0.405372 
1 32 0.744539 
1 64 1.495881 
1 128 2.861312 
1 256 6.224009 
1 512 16.445927 
2 1 0.047099 
2 2 0.052023 
2 4 0.085333 
2 8 0.127172 
2 16 0.207244 
2 32 0.383198 
2 64 0.776710 
2 128 1.559127 
2 256 3.608514 
2 512 10.037365 
4 1 0.025087 
4 2 0.027812 
4 4 0.044894 
4 8 0.072458 
4 16 0.114418 
4 32 0.212257 
4 64 0.446888 
4 128 0.998242 
4 256 2.712952 
4 512 7.784443 
8 1 0.014568 
8 2 0.016074 
8 4 0.025232 
8 8 0.036583 
8 16 0.060844 
8 32 0.121040 
8 64 0.271442 
8 128 0.652894 
8 256 1.907121 
8 512 6.226292 
16 1 0.008306 
16 2 0.009357 
16 4 0.013999 
16 8 0.020708 
16 16 0.035972 
16 32 0.075694 
16 64 0.184575 
16 128 0.496178 
16 256 1.567989 
16 512 5.473142 
32 1 0.007713 
32 2 0.007772 
32 4 0.010266 
32 8 0.013981 
32 16 0.023807 
32 32 0.052162 
32 64 0.137497 
32 128 0.401942 
32 256 1.343524 
32 512 4.785848 
