1 1 0.437318 
1 2 0.488435 
1 4 0.796017 
1 8 1.185021 
1 16 1.929921 
1 32 3.554092 
1 64 7.125039 
1 128 13.841231 
1 256 33.918569 
1 512 92.264515 
2 1 0.223974 
2 2 0.249225 
2 4 0.405152 
2 8 0.599195 
2 16 0.971547 
2 32 1.799470 
2 64 3.626669 
2 128 7.168000 
2 256 17.892016 
2 512 49.722781 
4 1 0.121139 
4 2 0.134056 
4 4 0.211961 
4 8 0.312667 
4 16 0.501383 
4 32 0.932077 
4 64 1.927690 
4 128 4.023990 
4 256 10.882003 
4 512 32.638960 
8 1 0.072615 
8 2 0.077224 
8 4 0.117375 
8 8 0.169029 
8 16 0.270024 
8 32 0.508103 
8 64 1.075567 
8 128 2.348932 
8 256 6.640298 
8 512 20.607233 
16 1 0.045975 
16 2 0.049735 
16 4 0.071958 
16 8 0.100427 
16 16 0.155827 
16 32 0.298365 
16 64 0.653477 
16 128 1.594339 
16 256 4.600816 
16 512 15.019282 
32 1 0.034546 
32 2 0.035204 
32 4 0.047494 
32 8 0.062635 
32 16 0.094847 
32 32 0.181292 
32 64 0.417361 
32 128 1.094360 
32 256 3.383203 
32 512 11.568873 
